28 205 
1 2 
1 3 
1 4 
1 5 
1 6 
1 7 
1 8 
1 9 
1 10 
1 11 
1 12 
1 13 
1 14 
2 3 
2 4 
2 5 
2 6 
2 7 
2 8 
2 9 
2 10 
2 13 
2 14 
2 15 
2 16 
2 17 
2 18 
2 19 
2 20 
2 21 
2 22 
2 23 
2 24 
3 4 
3 6 
3 9 
3 12 
3 13 
3 14 
3 15 
3 17 
3 18 
3 19 
3 21 
3 23 
3 24 
3 25 
3 26 
4 5 
4 6 
4 7 
4 9 
4 10 
4 11 
4 12 
4 13 
4 15 
4 16 
4 17 
4 18 
4 20 
4 22 
4 23 
4 25 
4 26 
4 27 
5 6 
5 9 
5 13 
5 14 
5 15 
5 16 
5 17 
5 19 
5 21 
5 23 
5 24 
5 25 
6 8 
6 9 
6 11 
6 13 
6 15 
6 16 
6 17 
6 19 
6 20 
6 22 
6 23 
6 24 
6 25 
6 27 
7 8 
7 9 
7 10 
7 11 
7 12 
7 18 
7 19 
7 22 
7 23 
7 24 
7 25 
7 27 
8 9 
8 11 
8 12 
8 14 
8 15 
8 17 
8 20 
8 21 
8 22 
8 23 
8 24 
9 11 
9 12 
9 13 
9 14 
9 15 
9 17 
9 18 
9 19 
9 20 
9 23 
9 24 
9 25 
9 26 
9 27 
10 17 
11 12 
11 13 
11 14 
11 15 
11 20 
11 23 
11 24 
11 25 
11 27 
12 13 
12 14 
12 15 
12 17 
12 18 
12 19 
12 20 
12 23 
12 25 
12 27 
13 14 
13 15 
13 17 
13 19 
13 23 
13 27 
14 15 
14 16 
14 17 
14 18 
14 19 
15 18 
15 20 
15 21 
15 23 
15 24 
15 25 
15 26 
15 27 
16 20 
16 25 
17 18 
17 19 
17 20 
17 21 
17 23 
17 25 
17 26 
18 20 
18 22 
18 23 
18 24 
18 25 
18 26 
18 27 
19 23 
19 24 
20 21 
20 23 
20 24 
20 25 
20 26 
20 27 
21 25 
21 26 
21 27 
22 24 
22 25 
23 24 
23 25 
23 26 
23 27 
25 26 
25 27 
25 28 
26 27